init
Z_freq [2.1036848 2.18     ]
N_ions 2
segNum 10
amp_list [[-0.22784768  0.1657179   0.24945406  0.10824945 -0.24194962 -0.24495061
   0.12582271  0.23597034  0.1678216  -0.2297333 ]
 [-0.22784768  0.1657179   0.24945406  0.10824945 -0.24194962 -0.24495061
   0.12582271  0.23597034  0.1678216  -0.2297333 ]]
detuning [-0.03815759911898109, 0.03815759911898109]
t_tol 150
k =  0
median 1.9536688327789307
end 4.17377781867981
k =  1
median 1.8984670639038086
end 0.030843019485473633
---------------N = 2 my bound 0.0181036937787451 + 2.22044604925031e-22*I
init
Z_freq [2.06446957 2.13262305 2.18      ]
N_ions 3
segNum 18
amp_list [[ 0.14109179 -0.23094599 -0.18131696  0.08113576  0.17537727 -0.06419385
  -0.21430905  0.01972516  0.23928552  0.23960479  0.02094185 -0.21643707
  -0.06339316  0.17578959  0.08080231 -0.1816491  -0.23067666  0.14118185]
 [ 0.14109179 -0.23094599 -0.18131696  0.08113576  0.17537727 -0.06419385
  -0.21430905  0.01972516  0.23928552  0.23960479  0.02094185 -0.21643707
  -0.06339316  0.17578959  0.08080231 -0.1816491  -0.23067666  0.14118185]]
detuning [-0.06122796937035835, 0.006925511717484234, 0.05430245765287367]
t_tol 270
k =  0
median 4.410851001739502
end 13.963179111480713
k =  1
median 4.546100854873657
end 13.422467231750488
k =  2
median 2.1348609924316406
end 6.2417380809783936
---------------N = 3 my bound 0.0283341805970892 + 1.40165656858926e-21*I
init
Z_freq [2.04605196 2.09394985 2.14748208 2.18      ]
N_ions 4
segNum 20
amp_list [[-0.07775082  0.23319821  0.04140596 -0.24142729  0.02956858  0.20910191
   0.07389704 -0.20983741 -0.07538847  0.2213338   0.22013021 -0.07766199
  -0.20790761  0.06776767  0.21876213  0.02390004 -0.24300472  0.04273617
   0.23851833 -0.08326105]
 [-0.07775082  0.23319821  0.04140596 -0.24142729  0.02956858  0.20910191
   0.07389704 -0.20983741 -0.07538847  0.2213338   0.22013021 -0.07766199
  -0.20790761  0.06776767  0.21876213  0.02390004 -0.24300472  0.04273617
   0.23851833 -0.08326105]]
detuning [-0.0708190100385826, -0.02292112533574997, 0.030611108082306604, 0.06312902729202641]
t_tol 300
k =  0
median 2.398252010345459
end 19.048375129699707
k =  1
median 6.882538080215454
end 12.561392068862915
k =  2
median 4.797263860702515
end 9.639533996582031
k =  3
median 5.404078960418701
end 9.78563404083252
---------------N = 4 my bound 0.0196718798978372 + 6.41435559767427e-22*I
init
Z_freq [2.03629824 2.07049482 2.11367225 2.15614805 2.18      ]
N_ions 5
segNum 20
amp_list [[ 0.16592427 -0.11616292 -0.14890259  0.24172566  0.10881802 -0.24017992
  -0.09169835  0.15163841  0.16730977 -0.23410749 -0.2341529   0.16726758
   0.15164786 -0.09312797 -0.23564079  0.10260787  0.24574361 -0.14937875
  -0.11715481  0.16641693]
 [ 0.16592427 -0.11616292 -0.14890259  0.24172566  0.10881802 -0.24017992
  -0.09169835  0.15163841  0.16730977 -0.23410749 -0.2341529   0.16726758
   0.15164786 -0.09312797 -0.23564079  0.10260787  0.24574361 -0.14937875
  -0.11715481  0.16641693]]
detuning [-0.07502443429270178, -0.04082785333594163, 0.0023495829042432526, 0.04482537538365161, 0.06867732934074944]
t_tol 300
k =  0
median 5.606180906295776
end 13.830487966537476
k =  1
median 3.6648850440979004
end 13.209774017333984
k =  2
median 3.5701870918273926
end 14.737452983856201
k =  3
median 3.9566709995269775
end 9.050026178359985
k =  4
median 2.8826279640197754
end 7.1847310066223145
---------------N = 5 my bound 0.0163880086067742 + 3.3333645156662e-22*I
init
Z_freq [2.03058197 2.05590629 2.0896715  2.12727185 2.16166897 2.18      ]
N_ions 6
segNum 25
amp_list [[-0.17375896  0.05712781  0.13490355 -0.15394183 -0.17592479  0.15398873
   0.1612712  -0.11950907 -0.20819272  0.07490337  0.16389804 -0.09760508
  -0.24905827 -0.1056705   0.17062373  0.07215684 -0.2039292  -0.12324391
   0.15758801  0.16065109 -0.1717794  -0.17243431  0.15570344  0.04521807
  -0.17062959]
 [-0.17375896  0.05712781  0.13490355 -0.15394183 -0.17592479  0.15398873
   0.1612712  -0.11950907 -0.20819272  0.07490337  0.16389804 -0.09760508
  -0.24905827 -0.1056705   0.17062373  0.07215684 -0.2039292  -0.12324391
   0.15758801  0.16065109 -0.1717794  -0.17243431  0.15570344  0.04521807
  -0.17062959]]
detuning [-0.07693479044618146, -0.05161047501954963, -0.017845263494913777, 0.019755084132926815, 0.05415220664566256, 0.07248323818205638]
t_tol 375
k =  0
median 2.98694109916687
end 9.074602842330933
k =  1
median 2.9501709938049316
end 13.91113018989563
k =  2
median 3.429724931716919
end 8.858875274658203
k =  3
median 5.242822170257568
end 10.535669088363647
k =  4
median 4.126948833465576
end 8.868159294128418
k =  5
median 3.0353269577026367
end 9.763806819915771
---------------N = 6 my bound 0.0226755735951089 + 7.1531010566836e-22*I
init
Z_freq [2.02696747 2.04636187 2.07303596 2.10443011 2.13700414 2.16541809
 2.18      ]
N_ions 7
segNum 32
amp_list [[ 0.02189929  0.24812669  0.00924797 -0.17553073  0.24677772  0.23561207
  -0.12233497 -0.24765723  0.17650763  0.24359301 -0.12760916 -0.24688493
   0.00584093  0.16243682 -0.24470431 -0.19450738 -0.19025618 -0.2257798
   0.16278535 -0.01026094 -0.24682231 -0.10599611  0.2475641   0.15547676
  -0.24574616 -0.11371349  0.24487323  0.24742294 -0.20173204  0.03537275
   0.24625634  0.01137013]
 [ 0.02189929  0.24812669  0.00924797 -0.17553073  0.24677772  0.23561207
  -0.12233497 -0.24765723  0.17650763  0.24359301 -0.12760916 -0.24688493
   0.00584093  0.16243682 -0.24470431 -0.19450738 -0.19025618 -0.2257798
   0.16278535 -0.01026094 -0.24682231 -0.10599611  0.2475641   0.15547676
  -0.24574616 -0.11371349  0.24487323  0.24742294 -0.20173204  0.03537275
   0.24625634  0.01137013]]
detuning [-0.0777779064589681, -0.05838350563113304, -0.03170941768003699, -0.00031526547903393265, 0.032258762321342616, 0.06067271184280809, 0.0752546210850209]
t_tol 480
k =  0
median 4.888655185699463
end 12.474955081939697
k =  1
median 4.2834250926971436
end 13.228208065032959
k =  2
median 3.522787094116211
end 13.643847942352295
k =  3
median 4.6625940799713135
end 11.928567171096802
k =  4
median 3.767474889755249
end 13.109464168548584
k =  5
median 4.852487087249756
end 16.306954860687256
k =  6
median 4.287687063217163
end 11.64837908744812
---------------N = 7 my bound 0.0697778958273321 + 8.82185384203672e-21*I
init
Z_freq [2.02454511 2.03982514 2.06125984 2.08729881 2.11587912 2.14420491
 2.16808941 2.18      ]
N_ions 8
segNum 36
amp_list [[ 0.03509541 -0.24538063  0.11809101  0.07033893 -0.19153593 -0.11688052
   0.12123257  0.10582554 -0.11247472 -0.13809605  0.05790924  0.1812457
  -0.03896418 -0.19807046 -0.00710486  0.09743191 -0.02528136 -0.18097603
  -0.17772223 -0.02033603  0.09738503 -0.01051174 -0.19804943 -0.03434792
   0.18373253  0.0542343  -0.14207967 -0.11023584  0.1101601   0.12138992
  -0.12604273 -0.19167842  0.08310117  0.10764483 -0.24560736  0.03960179]
 [ 0.03509541 -0.24538063  0.11809101  0.07033893 -0.19153593 -0.11688052
   0.12123257  0.10582554 -0.11247472 -0.13809605  0.05790924  0.1812457
  -0.03896418 -0.19807046 -0.00710486  0.09743191 -0.02528136 -0.18097603
  -0.17772223 -0.02033603  0.09738503 -0.01051174 -0.19804943 -0.03434792
   0.18373253  0.0542343  -0.14207967 -0.11023584  0.1101601   0.12138992
  -0.12604273 -0.19167842  0.08310117  0.10764483 -0.24560736  0.03960179]]
detuning [-0.07809267856151614, -0.06281264985233781, -0.04137795733312721, -0.015338983563854214, 0.013241328054158341, 0.04156711267686175, 0.06545162178505803, 0.07736220679475947]
t_tol 540
k =  0
median 4.5646069049835205
end 15.377298831939697
k =  1
median 4.741565942764282
end 14.237418174743652
k =  2
median 4.82194709777832
end 15.767826080322266
k =  3
median 5.042150974273682
end 13.19957709312439
k =  4
median 5.2481842041015625
end 11.893395900726318
k =  5
median 4.127584934234619
end 14.499183177947998
k =  6
median 5.298648834228516
end 15.552950143814087
k =  7
median 6.701233863830566
end 15.420090198516846
---------------N = 8 my bound 0.0333805751140382 + 1.54427644551543e-21*I
init
Z_freq [2.02284616 2.03517141 2.05269729 2.07442353 2.09905074 2.12489124
 2.14968592 2.17006543 2.18      ]
N_ions 9
segNum 36
amp_list [[-0.13820355  0.21752393 -0.13419428 -0.06364002 -0.01917565  0.20587
  -0.12322951 -0.12591267  0.09797643  0.06171073  0.01582707 -0.10840179
  -0.04910288  0.08619586  0.17930358 -0.17496026 -0.11527363  0.18083702
   0.17471171 -0.11101994 -0.16605296  0.15764241  0.10053425 -0.04456947
  -0.11780231  0.01420087  0.07270786  0.08599302 -0.11734042 -0.12393997
   0.19619412 -0.00604734 -0.06969084 -0.13641691  0.22146911 -0.13972664]
 [-0.13820355  0.21752393 -0.13419428 -0.06364002 -0.01917565  0.20587
  -0.12322951 -0.12591267  0.09797643  0.06171073  0.01582707 -0.10840179
  -0.04910288  0.08619586  0.17930358 -0.17496026 -0.11527363  0.18083702
   0.17471171 -0.11101994 -0.16605296  0.15764241  0.10053425 -0.04456947
  -0.11780231  0.01420087  0.07270786  0.08599302 -0.11734042 -0.12393997
   0.19619412 -0.00604734 -0.06969084 -0.13641691  0.22146911 -0.13972664]]
detuning [-0.0781351436362403, -0.06580989563352846, -0.04828400992063431, -0.026557767635716267, -0.0019305614937881188, 0.02390993541670694, 0.048704617351931656, 0.069084126630238, 0.07901869892102731]
t_tol 540
k =  0
median 6.10584282875061
end 17.42406129837036
k =  1
median 5.6287009716033936
end 11.25431513786316
k =  2
median 3.947082042694092
end 12.46642518043518
k =  3
median 4.530882835388184
end 13.307794094085693
k =  4
median 4.002092123031616
end 11.846211671829224
k =  5
median 4.562831878662109
end 13.357287168502808
k =  6
median 4.232940673828125
end 11.799873113632202
k =  7
median 4.263779878616333
end 14.682205200195312
k =  8
median 7.023240089416504
end 21.634937047958374
---------------N = 9 my bound 0.018016090104686 + 4.75570221493264e-22*I